genscan	TXstart	TXend
chr1_6.96	11883736	11900280
chr1_1.64	1407264	1444731
chr1_65.22	146709049	146766278
chr1_72.33	160088744	160156489
chr1_10.13	17542876	17690250
chr1_95.14	205884019	205905242
chr1_101.51	217799850	217804416
chr1_103.24	220964863	220996544
chr1_103.50	221508259	221511127
chr1_105.11	224168603	224227328
NA	NA	NA
chr1_116.62	246461344	246499057
chr1_15.17	27657009	27680343
chr10_58.97	115348733	115423166
chr10_70.65	134645670	134664785
NA	NA	NA
chr10_1.67	3109787	3178771
chr10_23.23	47000768	47008238
chr10_33.79	65194125	65290823
chr10_48.6	93558447	93654419
chr10_50.59	99112061	99160988
chr10_50.59	99112061	99160988
chr10_50.59	99112061	99160988
chr10_50.59	99112061	99160988
chr10_50.59	99112061	99160988
chr10_50.59	99112061	99160988
chr11_57.48	113775670	113816859
NA	NA	NA
chr11_29.42	59596956	59612926
chr11_30.3	60739042	60786790
chr11_31.83	63883739	63885764
chr11_32.117	66453341	66495995
chr11_3.128	6708361	6743111
chr11_3.132	6806268	6807219
NA	NA	NA
chr12_51.12	102318083	102330509
chr12_52.28	104458338	104497051
chr12_55.59	111372434	111409889
chr12_62.44	123873987	123892250
chr12_65.23	129283462	129308488
NA	NA	NA
NA	NA	NA
NA	NA	NA
chr12_5.72	8274716	8285315
chr12_5.83	8374417	8377428
chr13_47.86	114321701	114325971
chr13_0.61	19956509	19969445
chr13_0.107	20398616	20426257
chr14_17.95	54873346	54973602
chr15_16.25	51741180	51795132
chr15_18.35	55912209	56035129
chr16_10.31	19774605	19909753
chr16_14.45	28458186	28471886
chr16_15.83	30234349	30336258
chr16_29.3	66418286	66437072
chr16_33.19	75206284	75227145
NA	NA	NA
chr17_1.54	1746102	1800469
NA	NA	NA
NA	NA	NA
chr17_19.13	39135000	39140249
chr17_20.74	42449731	42580738
chr17_21.5	42836567	42873503
chr17_22.16	45359918	45387570
chr17_24.39	49708944	49736760
chr17_24.39	49708944	49736760
chr17_29.67	60599583	60689926
chr17_4.93	7999944	8079604
chr18_8.59	19995536	19999241
chr18_13.64	29781618	29802464
NA	NA	NA
chr18_15.87	33717203	33750849
chr18_20.66	44097982	44236993
chr18_22.37	47352840	47439093
chr18_22.37	47352840	47439093
chr18_22.53	47743929	47814469
chr18_26.28	55114531	55143955
chr19_2.3	4152122	4168548
chr19_21.95	43665490	43709688
chr19_2.40	5045302	5054940
chr19_26.19	52108498	52150012
chr19_28.63	56952530	56981424
chr19_29.11	57984641	57988677
chr19_4.10	7580918	7626448
chr2_51.79	101086887	101097127
chr2_51.79	101086887	101097127
NA	NA	NA
chr2_61.97	120060047	120089111
chr2_66.15	128848931	128965740
chr2_8.17	15432656	15450976
chr2_85.25	166731264	166812160
NA	NA	NA
chr2_122.15	238483661	238504134
chr2_122.19	238646741	238672783
chr2_124.38	241391159	241412228
chr2_18.18	33740203	33792072
chr2_2.15	3722119	3757109
NA	NA	NA
chr2_50.1	97327061	97370429
chr2_50.1	97327061	97370429
chr2_50.109	99251274	99304266
chr20_20.36	39966817	39987506
NA	NA	NA
NA	NA	NA
chr20_4.4	8113298	8145475
chr20_4.18	8597966	8823214
chr22_11.9	36863850	36902469
chr22_14.82	43968166	44169558
chr3_6.22	12810381	12825507
chr3_83.77	167165122	167189451
chr3_9.114	19914814	19988929
chr3_12.25	24535391	24563436
chr3_24.84	49946446	49967319
NA	NA	NA
chr3_29.30	58782967	58793722
chr3_47.19	93812503	93845334
chr4_55.8	109708433	109767351
NA	NA	NA
chr4_8.9	15688600	15690574
NA	NA	NA
chr4_19.57	37819706	37863233
chr4_20.10	39253066	39277566
chr4_20.10	39253066	39277566
chr4_3.22	5823486	5851901
chr4_35.21	70146218	70160527
NA	NA	NA
NA	NA	NA
chr5_0.20	307597	316972
chr5_18.55	36608567	36686371
chr5_2.63	5183725	5209395
chr5_27.123	57347869	57401092
chr5_30.9	61621137	61681396
chr5_31.66	65147499	65182941
NA	NA	NA
chr5_40.71	82775744	82918322
chr5_40.71	82775744	82918322
NA	NA	NA
chr6_76.28	152495581	152755070
chr6_76.28	152495581	152755070
chr6_83.36	166299631	166309255
chr6_1.26	2823481	2848709
chr7_6.88	12239636	12270065
NA	NA	NA
chr7_72.7	139737422	139782849
chr7_73.84	142467347	142470774
chr7_73.84	142467347	142470774
chr7_16.22	30791766	30795467
chr7_19.7	36429635	36492209
chr7_2.95	4149169	4281545
chr7_32.83	63558954	63581051
chr7_32.83	63558954	63581051
chr7_51.65	99778179	99811638
chr8_55.72	110392257	110540598
chr8_73.120	144387647	144427470
chr8_10.49	19177058	19243990
chr8_10.49	19177058	19243990
NA	NA	NA
chr8_14.60	27272989	27316026
NA	NA	NA
chr8_27.94	55533526	55598360
NA	NA	NA
NA	NA	NA
chr8_31.20	62490955	62492230
chr8_31.22	62544279	62628272
chr9_18.37	37508310	37541765
chr9_3.29	6549227	6628100
chrX_67.32	122745259	122807379
chrX_82.4	151123172	151139786
chrX_12.55	21857852	21869486
chrX_26.13	47496227	47518362